0.0836039
0.112013
0.138799
0.163961
0.184253
0.202922
0.221591
0.238636
0.254058
0.267857
0.280844
0.292208
0.301948
0.310877
0.318994
0.32711
0.334416
0.340909
0.346591
0.352273
0.357955
0.362825
0.367695
0.372565
0.377435
0.381494
0.385552
0.38961
0.393669
0.396916
0.400162
0.403409
0.406656
0.409903
0.413149
0.416396
0.419643
0.42289
0.426136
0.429383
0.43263
0.435877
0.439123
0.44237
0.444805
0.44724
0.449675
0.45211
0.454545
0.456981
0.459416
0.461851
0.464286
0.466721
0.469156
0.471591
0.474026
0.476461
0.478896
0.481331
0.483766
0.486201
0.487825
0.489448
0.491071
0.492695
0.494318
0.495942
0.497565
0.499188
0.500812
0.502435
0.504058
0.505682
0.507305
0.508929
0.510552
0.512175
0.513799
0.515422
0.517045
0.518669
0.520292
0.521916
0.523539
0.525162
0.526786
0.528409
0.530032
0.531656
0.533279
0.534903
0.536526
0.538149
0.539773
0.541396
0.543019
0.544643
0.546266
0.54789
0.549513
0.551136
0.55276
0.554383
0.556006
0.55763
0.559253
0.560877
0.5625
0.564123
0.565747
0.56737
0.568994
0.570617
0.57224
0.573864
0.575487
0.57711
0.578734
0.580357
0.581981
0.583604
0.585227
0.586851
0.588474
0.590097
0.591721
0.593344
0.594968
0.595779
0.596591
0.597403
0.598214
0.599026
0.599838
0.600649
0.601461
0.602273
0.603084
0.603896
0.604708
0.605519
0.606331
0.607143
0.607955
0.608766
0.609578
0.61039
0.611201
0.612013
0.612825
0.613636
0.614448
0.61526
0.616071
0.616883
0.617695
0.618506
0.619318
0.62013
0.620942
0.621753
0.622565
0.623377
0.624188
0.625
0.625812
0.626623
0.627435
0.628247
0.629058
0.62987
0.630682
0.631494
0.632305
0.633117
0.633929
0.63474
0.635552
0.636364
0.637175
0.637987
0.638799
0.63961
0.640422
0.641234
0.642045
0.642857
0.643669
0.644481
0.645292
0.646104
0.646916
0.647727
0.648539
0.649351
0.650162
0.650974
0.651786
0.652597
0.653409
0.654221
0.655032
0.655844
0.656656
0.657468
0.658279
0.659091
0.659903
0.660714
0.661526
0.662338
0.663149
0.663961
0.664773
0.665584
0.666396
0.667208
0.668019
0.668831
0.669643
0.670455
0.671266
0.672078
0.67289
0.673701
0.674513
0.675325
0.676136
0.676948
0.67776
0.678571
0.679383
0.680195
0.681006
0.681818
0.68263
0.683442
0.684253
0.685065
0.685877
0.686688
0.6875
0.688312
0.689123
0.689935
0.690747
0.691558
0.69237
0.693182
0.693994
0.694805
0.695617
0.696429
0.69724
0.698052
0.698864
0.699675
0.700487
0.701299
0.70211
0.702922
0.703734
0.704545
0.705357
0.706169
0.706981
0.707792
0.708604
0.709416
0.710227
0.711039
0.711851
0.712662
0.713474
0.714286
0.715097
0.715909
0.716721
0.717532
0.718344
0.719156
0.719968
0.720779
0.721591
0.722403
0.723214
0.724026
0.724838
0.725649
0.726461
0.727273
0.728084
0.728896
0.729708
0.730519
0.731331
0.732143
0.732955
0.733766
0.734578
0.73539
0.736201
0.737013
0.737825
0.738636
0.739448
0.74026
0.741071
0.741883
0.742695
0.743506
0.744318
0.74513
0.745942
0.746753
0.747565
0.748377
0.749188
0.75
0.750812
0.751623
0.752435
0.753247
0.754058
0.75487
0.755682
0.756494
0.757305
0.758117
0.758929
0.75974
0.760552
0.761364
0.762175
0.762987
0.763799
0.76461
0.765422
0.766234
0.767045
0.767857
0.768669
0.769481
0.770292
0.771104
0.771916
0.772727
0.773539
0.774351
0.775162
0.775974
0.776786
0.777597
0.778409
0.779221
0.780032
0.780844
0.781656
0.782468
0.783279
0.784091
0.784903
0.785714
0.786526
0.787338
0.788149
0.788961
0.789773
0.790584
0.791396
0.792208
0.793019
0.793831
0.794643
0.795455
0.796266
0.797078
0.79789
0.798701
0.799513
0.800325
0.801136
0.801948
0.80276
0.803571
0.804383
0.805195
0.806006
0.806818
0.80763
0.808442
0.809253
0.810065
0.810877
0.811688
0.8125
0.813312
0.814123
0.814935
0.815747
0.816558
0.81737
0.818182
0.818994
0.819805
0.820617
0.821429
0.82224
0.823052
0.823864
0.824675
0.825487
0.826299
0.82711
0.827922
0.828734
0.829545
0.830357
0.831169
0.831981
0.832792
0.833604
0.834416
0.835227
0.836039
0.836851
0.837662
0.838474
0.839286
0.840097
0.840909
0.841721
0.842532
0.843344
0.844156
0.844968
0.845779
0.846591
0.847403
0.848214
0.849026
0.849838
0.850649
0.851461
0.852273
0.853084
0.853896
0.854708
0.855519
0.856331
0.857143
0.857955
0.858766
0.859578
0.86039
0.861201
0.862013
0.862825
0.863636
0.864448
0.86526
0.866071
0.866883
0.867695
0.868506
0.869318
0.87013
0.870942
0.871753
0.872565
0.873377
0.874188
0.875
0.875812
0.876623
0.877435
0.878247
0.879058
0.87987
0.880682
0.881494
0.882305
0.883117
0.883929
0.88474
0.885552
0.886364
0.887175
0.887987
0.888799
0.88961
0.890422
0.891234
0.892045
0.892857
0.893669
0.894481
0.895292
0.896104
0.896916
0.897727
0.898539
0.899351
0.900162
0.900974
0.901786
0.902597
0.903409
0.904221
0.905032
0.905844
0.906656
0.907468
0.908279
0.909091
0.909903
0.910714
0.911526
0.912338
0.913149
0.913961
0.914773
0.915584
0.916396
0.917208
0.918019
0.918831
0.919643
0.920455
0.921266
0.922078
0.92289
0.923701
0.924513
0.925325
0.926136
0.926948
0.92776
0.928571
0.929383
0.930195
0.931006
0.931818
0.93263
0.933442
0.934253
0.935065
0.935877
0.936688
0.9375
0.938312
0.939123
0.939935
0.940747
0.941558
0.94237
0.943182
0.943994
0.944805
0.945617
0.946429
0.94724
0.948052
0.948864
0.949675
0.950487
0.951299
0.95211
0.952922
0.953734
0.954545
0.955357
0.956169
0.956981
0.957792
0.958604
0.959416
0.960227
0.961039
0.961851
0.962662
0.963474
0.964286
0.965097
0.965909
0.966721
0.967532
0.968344
0.969156
0.969968
0.970779
0.971591
0.972403
0.973214
0.974026
0.974838
0.975649
0.976461
0.977273
0.978084
0.978896
0.979708
0.980519
0.981331
0.982143
0.982955
0.983766
0.984578
0.98539
0.986201
0.987013
0.987825
0.988636
0.989448
0.99026
0.991071
0.991883
0.992695
0.993506
0.994318
0.99513
0.995942
0.996753
0.997565
0.998377
0.999188
1
