0.0625671
0.0985499
0.129699
0.149839
0.169979
0.185016
0.19898
0.212406
0.221536
0.230129
0.237379
0.244629
0.251343
0.257787
0.263963
0.269871
0.275779
0.281149
0.28652
0.29189
0.297261
0.302095
0.30666
0.311224
0.315521
0.319817
0.323845
0.327605
0.331364
0.335124
0.338883
0.342642
0.346402
0.349893
0.353115
0.356337
0.35956
0.362513
0.365467
0.368153
0.370838
0.373523
0.376208
0.378894
0.38131
0.383727
0.386144
0.388561
0.390977
0.393394
0.395811
0.397959
0.400107
0.402256
0.404404
0.406552
0.4087
0.410849
0.412997
0.415145
0.417293
0.419441
0.421321
0.423201
0.425081
0.42696
0.42884
0.43072
0.432599
0.434479
0.436359
0.438238
0.440118
0.441998
0.443878
0.445489
0.4471
0.448711
0.450322
0.451933
0.453545
0.455156
0.456767
0.458378
0.459989
0.4616
0.463212
0.464823
0.466434
0.468045
0.469656
0.471267
0.472879
0.47449
0.476101
0.477712
0.479055
0.480397
0.48174
0.483083
0.484425
0.485768
0.487111
0.488453
0.489796
0.491139
0.492481
0.493824
0.495166
0.496509
0.497852
0.499194
0.500537
0.50188
0.502954
0.504028
0.505102
0.506176
0.50725
0.508324
0.509398
0.510473
0.511547
0.512621
0.513695
0.514769
0.515843
0.516917
0.517991
0.519066
0.52014
0.521214
0.522288
0.523362
0.524436
0.52551
0.526584
0.527658
0.528733
0.529807
0.530881
0.531955
0.533029
0.534103
0.535177
0.536251
0.537325
0.5384
0.539474
0.540548
0.541622
0.542696
0.54377
0.544844
0.545918
0.546992
0.548067
0.549141
0.550215
0.551289
0.552363
0.553437
0.554511
0.555585
0.55666
0.557734
0.558539
0.559345
0.56015
0.560956
0.561762
0.562567
0.563373
0.564178
0.564984
0.565789
0.566595
0.567401
0.568206
0.569012
0.569817
0.570623
0.571429
0.572234
0.57304
0.573845
0.574651
0.575456
0.576262
0.577068
0.577873
0.578679
0.579484
0.58029
0.581096
0.581901
0.582707
0.583512
0.584318
0.585124
0.585929
0.586735
0.58754
0.588346
0.589151
0.589957
0.590763
0.591568
0.592374
0.593179
0.593985
0.594791
0.595596
0.596402
0.597207
0.598013
0.598818
0.599624
0.60043
0.601235
0.602041
0.602846
0.603652
0.604458
0.605263
0.606069
0.606874
0.60768
0.608485
0.609291
0.610097
0.610902
0.611708
0.612513
0.613319
0.614125
0.61493
0.615736
0.616541
0.617347
0.618153
0.618958
0.619764
0.620569
0.621375
0.62218
0.622986
0.623792
0.624597
0.625134
0.625671
0.626208
0.626745
0.627282
0.62782
0.628357
0.628894
0.629431
0.629968
0.630505
0.631042
0.631579
0.632116
0.632653
0.63319
0.633727
0.634264
0.634801
0.635338
0.635875
0.636412
0.63695
0.637487
0.638024
0.638561
0.639098
0.639635
0.640172
0.640709
0.641246
0.641783
0.64232
0.642857
0.643394
0.643931
0.644468
0.645005
0.645542
0.646079
0.646617
0.647154
0.647691
0.648228
0.648765
0.649302
0.649839
0.650376
0.650913
0.65145
0.651987
0.652524
0.653061
0.653598
0.654135
0.654672
0.655209
0.655747
0.656284
0.656821
0.657358
0.657895
0.658432
0.658969
0.659506
0.660043
0.66058
0.661117
0.661654
0.662191
0.662728
0.663265
0.663802
0.664339
0.664876
0.665414
0.665951
0.666488
0.667025
0.667562
0.668099
0.668636
0.669173
0.66971
0.670247
0.670784
0.671321
0.671858
0.672395
0.672932
0.673469
0.674006
0.674544
0.675081
0.675618
0.676155
0.676692
0.677229
0.677766
0.678303
0.67884
0.679377
0.679914
0.680451
0.680988
0.681525
0.682062
0.682599
0.683136
0.683673
0.684211
0.684748
0.685285
0.685822
0.686359
0.686896
0.687433
0.68797
0.688507
0.689044
0.689581
0.690118
0.690655
0.691192
0.691729
0.692266
0.692803
0.69334
0.693878
0.694415
0.694952
0.695489
0.696026
0.696563
0.6971
0.697637
0.698174
0.698711
0.699248
0.699785
0.700322
0.700859
0.701396
0.701933
0.70247
0.703008
0.703545
0.704082
0.704619
0.705156
0.705693
0.70623
0.706767
0.707304
0.707841
0.708378
0.708915
0.709452
0.709989
0.710526
0.711063
0.7116
0.712137
0.712675
0.713212
0.713749
0.714286
0.714823
0.71536
0.715897
0.716434
0.716971
0.717508
0.718045
0.718582
0.719119
0.719656
0.720193
0.72073
0.721267
0.721805
0.722342
0.722879
0.723416
0.723953
0.72449
0.725027
0.725564
0.726101
0.726638
0.727175
0.727712
0.728249
0.728786
0.729323
0.72986
0.730397
0.730934
0.731472
0.732009
0.732546
0.733083
0.73362
0.734157
0.734694
0.735231
0.735768
0.736305
0.736842
0.737379
0.737916
0.738185
0.738453
0.738722
0.73899
0.739259
0.739527
0.739796
0.740064
0.740333
0.740602
0.74087
0.741139
0.741407
0.741676
0.741944
0.742213
0.742481
0.74275
0.743018
0.743287
0.743555
0.743824
0.744092
0.744361
0.744629
0.744898
0.745166
0.745435
0.745704
0.745972
0.746241
0.746509
0.746778
0.747046
0.747315
0.747583
0.747852
0.74812
0.748389
0.748657
0.748926
0.749194
0.749463
0.749731
0.75
0.750269
0.750537
0.750806
0.751074
0.751343
0.751611
0.75188
0.752148
0.752417
0.752685
0.752954
0.753222
0.753491
0.753759
0.754028
0.754296
0.754565
0.754834
0.755102
0.755371
0.755639
0.755908
0.756176
0.756445
0.756713
0.756982
0.75725
0.757519
0.757787
0.758056
0.758324
0.758593
0.758861
0.75913
0.759398
0.759667
0.759936
0.760204
0.760473
0.760741
0.76101
0.761278
0.761547
0.761815
0.762084
0.762352
0.762621
0.762889
0.763158
0.763426
0.763695
0.763963
0.764232
0.764501
0.764769
0.765038
0.765306
0.765575
0.765843
0.766112
0.76638
0.766649
0.766917
0.767186
0.767454
0.767723
0.767991
0.76826
0.768528
0.768797
0.769066
0.769334
0.769603
0.769871
0.77014
0.770408
0.770677
0.770945
0.771214
0.771482
0.771751
0.772019
0.772288
0.772556
0.772825
0.773093
0.773362
0.773631
0.773899
0.774168
0.774436
0.774705
0.774973
0.775242
0.77551
0.775779
0.776047
0.776316
0.776584
0.776853
0.777121
0.77739
0.777658
0.777927
0.778195
0.778464
0.778733
0.779001
0.77927
0.779538
0.779807
0.780075
0.780344
0.780612
0.780881
0.781149
0.781418
0.781686
0.781955
0.782223
0.782492
0.78276
0.783029
0.783298
0.783566
0.783835
0.784103
0.784372
0.78464
0.784909
0.785177
0.785446
0.785714
0.785983
0.786251
0.78652
0.786788
0.787057
0.787325
0.787594
0.787863
0.788131
0.7884
0.788668
0.788937
0.789205
0.789474
0.789742
0.790011
0.790279
0.790548
0.790816
0.791085
0.791353
0.791622
0.79189
0.792159
0.792427
0.792696
0.792965
0.793233
0.793502
0.79377
0.794039
0.794307
0.794576
0.794844
0.795113
0.795381
0.79565
0.795918
0.796187
0.796455
0.796724
0.796992
0.797261
0.79753
0.797798
0.798067
0.798335
0.798604
0.798872
0.799141
0.799409
0.799678
0.799946
0.800215
0.800483
0.800752
0.80102
0.801289
0.801557
0.801826
0.802095
0.802363
0.802632
0.8029
0.803169
0.803437
0.803706
0.803974
0.804243
0.804511
0.80478
0.805048
0.805317
0.805585
0.805854
0.806122
0.806391
0.80666
0.806928
0.807197
0.807465
0.807734
0.808002
0.808271
0.808539
0.808808
0.809076
0.809345
0.809613
0.809882
0.81015
0.810419
0.810687
0.810956
0.811224
0.811493
0.811762
0.81203
0.812299
0.812567
0.812836
0.813104
0.813373
0.813641
0.81391
0.814178
0.814447
0.814715
0.814984
0.815252
0.815521
0.815789
0.816058
0.816327
0.816595
0.816864
0.817132
0.817401
0.817669
0.817938
0.818206
0.818475
0.818743
0.819012
0.81928
0.819549
0.819817
0.820086
0.820354
0.820623
0.820892
0.82116
0.821429
0.821697
0.821966
0.822234
0.822503
0.822771
0.82304
0.823308
0.823577
0.823845
0.824114
0.824382
0.824651
0.824919
0.825188
0.825456
0.825725
0.825994
0.826262
0.826531
0.826799
0.827068
0.827336
0.827605
0.827873
0.828142
0.82841
0.828679
0.828947
0.829216
0.829484
0.829753
0.830021
0.83029
0.830559
0.830827
0.831096
0.831364
0.831633
0.831901
0.83217
0.832438
0.832707
0.832975
0.833244
0.833512
0.833781
0.834049
0.834318
0.834586
0.834855
0.835124
0.835392
0.835661
0.835929
0.836198
0.836466
0.836735
0.837003
0.837272
0.83754
0.837809
0.838077
0.838346
0.838614
0.838883
0.839151
0.83942
0.839689
0.839957
0.840226
0.840494
0.840763
0.841031
0.8413
0.841568
0.841837
0.842105
0.842374
0.842642
0.842911
0.843179
0.843448
0.843716
0.843985
0.844253
0.844522
0.844791
0.845059
0.845328
0.845596
0.845865
0.846133
0.846402
0.84667
0.846939
0.847207
0.847476
0.847744
0.848013
0.848281
0.84855
0.848818
0.849087
0.849356
0.849624
0.849893
0.850161
0.85043
0.850698
0.850967
0.851235
0.851504
0.851772
0.852041
0.852309
0.852578
0.852846
0.853115
0.853383
0.853652
0.853921
0.854189
0.854458
0.854726
0.854995
0.855263
0.855532
0.8558
0.856069
0.856337
0.856606
0.856874
0.857143
0.857411
0.85768
0.857948
0.858217
0.858485
0.858754
0.859023
0.859291
0.85956
0.859828
0.860097
0.860365
0.860634
0.860902
0.861171
0.861439
0.861708
0.861976
0.862245
0.862513
0.862782
0.86305
0.863319
0.863588
0.863856
0.864125
0.864393
0.864662
0.86493
0.865199
0.865467
0.865736
0.866004
0.866273
0.866541
0.86681
0.867078
0.867347
0.867615
0.867884
0.868153
0.868421
0.86869
0.868958
0.869227
0.869495
0.869764
0.870032
0.870301
0.870569
0.870838
0.871106
0.871375
0.871643
0.871912
0.87218
0.872449
0.872718
0.872986
0.873255
0.873523
0.873792
0.87406
0.874329
0.874597
0.874866
0.875134
0.875403
0.875671
0.87594
0.876208
0.876477
0.876745
0.877014
0.877282
0.877551
0.87782
0.878088
0.878357
0.878625
0.878894
0.879162
0.879431
0.879699
0.879968
0.880236
0.880505
0.880773
0.881042
0.88131
0.881579
0.881847
0.882116
0.882385
0.882653
0.882922
0.88319
0.883459
0.883727
0.883996
0.884264
0.884533
0.884801
0.88507
0.885338
0.885607
0.885875
0.886144
0.886412
0.886681
0.88695
0.887218
0.887487
0.887755
0.888024
0.888292
0.888561
0.888829
0.889098
0.889366
0.889635
0.889903
0.890172
0.89044
0.890709
0.890977
0.891246
0.891515
0.891783
0.892052
0.89232
0.892589
0.892857
0.893126
0.893394
0.893663
0.893931
0.8942
0.894468
0.894737
0.895005
0.895274
0.895542
0.895811
0.896079
0.896348
0.896617
0.896885
0.897154
0.897422
0.897691
0.897959
0.898228
0.898496
0.898765
0.899033
0.899302
0.89957
0.899839
0.900107
0.900376
0.900644
0.900913
0.901182
0.90145
0.901719
0.901987
0.902256
0.902524
0.902793
0.903061
0.90333
0.903598
0.903867
0.904135
0.904404
0.904672
0.904941
0.905209
0.905478
0.905747
0.906015
0.906284
0.906552
0.906821
0.907089
0.907358
0.907626
0.907895
0.908163
0.908432
0.9087
0.908969
0.909237
0.909506
0.909774
0.910043
0.910311
0.91058
0.910849
0.911117
0.911386
0.911654
0.911923
0.912191
0.91246
0.912728
0.912997
0.913265
0.913534
0.913802
0.914071
0.914339
0.914608
0.914876
0.915145
0.915414
0.915682
0.915951
0.916219
0.916488
0.916756
0.917025
0.917293
0.917562
0.91783
0.918099
0.918367
0.918636
0.918904
0.919173
0.919441
0.91971
0.919979
0.920247
0.920516
0.920784
0.921053
0.921321
0.92159
0.921858
0.922127
0.922395
0.922664
0.922932
0.923201
0.923469
0.923738
0.924006
0.924275
0.924544
0.924812
0.925081
0.925349
0.925618
0.925886
0.926155
0.926423
0.926692
0.92696
0.927229
0.927497
0.927766
0.928034
0.928303
0.928571
0.92884
0.929108
0.929377
0.929646
0.929914
0.930183
0.930451
0.93072
0.930988
0.931257
0.931525
0.931794
0.932062
0.932331
0.932599
0.932868
0.933136
0.933405
0.933673
0.933942
0.934211
0.934479
0.934748
0.935016
0.935285
0.935553
0.935822
0.93609
0.936359
0.936627
0.936896
0.937164
0.937433
0.937701
0.93797
0.938238
0.938507
0.938776
0.939044
0.939313
0.939581
0.93985
0.940118
0.940387
0.940655
0.940924
0.941192
0.941461
0.941729
0.941998
0.942266
0.942535
0.942803
0.943072
0.94334
0.943609
0.943878
0.944146
0.944415
0.944683
0.944952
0.94522
0.945489
0.945757
0.946026
0.946294
0.946563
0.946831
0.9471
0.947368
0.947637
0.947905
0.948174
0.948443
0.948711
0.94898
0.949248
0.949517
0.949785
0.950054
0.950322
0.950591
0.950859
0.951128
0.951396
0.951665
0.951933
0.952202
0.95247
0.952739
0.953008
0.953276
0.953545
0.953813
0.954082
0.95435
0.954619
0.954887
0.955156
0.955424
0.955693
0.955961
0.95623
0.956498
0.956767
0.957035
0.957304
0.957573
0.957841
0.95811
0.958378
0.958647
0.958915
0.959184
0.959452
0.959721
0.959989
0.960258
0.960526
0.960795
0.961063
0.961332
0.9616
0.961869
0.962137
0.962406
0.962675
0.962943
0.963212
0.96348
0.963749
0.964017
0.964286
0.964554
0.964823
0.965091
0.96536
0.965628
0.965897
0.966165
0.966434
0.966702
0.966971
0.96724
0.967508
0.967777
0.968045
0.968314
0.968582
0.968851
0.969119
0.969388
0.969656
0.969925
0.970193
0.970462
0.97073
0.970999
0.971267
0.971536
0.971805
0.972073
0.972342
0.97261
0.972879
0.973147
0.973416
0.973684
0.973953
0.974221
0.97449
0.974758
0.975027
0.975295
0.975564
0.975832
0.976101
0.976369
0.976638
0.976907
0.977175
0.977444
0.977712
0.977981
0.978249
0.978518
0.978786
0.979055
0.979323
0.979592
0.97986
0.980129
0.980397
0.980666
0.980934
0.981203
0.981472
0.98174
0.982009
0.982277
0.982546
0.982814
0.983083
0.983351
0.98362
0.983888
0.984157
0.984425
0.984694
0.984962
0.985231
0.985499
0.985768
0.986037
0.986305
0.986574
0.986842
0.987111
0.987379
0.987648
0.987916
0.988185
0.988453
0.988722
0.98899
0.989259
0.989527
0.989796
0.990064
0.990333
0.990602
0.99087
0.991139
0.991407
0.991676
0.991944
0.992213
0.992481
0.99275
0.993018
0.993287
0.993555
0.993824
0.994092
0.994361
0.994629
0.994898
0.995166
0.995435
0.995704
0.995972
0.996241
0.996509
0.996778
0.997046
0.997315
0.997583
0.997852
0.99812
0.998389
0.998657
0.998926
0.999194
0.999463
0.999731
1
